94102
94158
94108
10012
98105
02115
60303
75201
90010
30310
90020
90210
60606
77010
19115
85020
78210
92110
75210
95110
32220
46209
78725
43210
76115
28206
48215
79908
38113
21229
20020
37204
80230
40205
53202
97202
89102
73102
87102
85702
93702
94229
90815
64108
85208
23464
30314
80903
68103
27603
33139
44109
74119
94619
55419
67219
22205
70117
76017
93307
33607
80017
92850
92703
78403
92503
63103
40503
15203
95203
45203
55103
27403
43613
07102
75075
89009
68509
32809
07309
91909
14209
46809
85225
33715
78045
27701
92602
53702
23502
85233
27101
85301
89501
75040
23322
75038
85258
70808
94538
23227
83707
92407
